* 
	22	CHANNEL_GROUP	0	3,3	3,8	3,9	4	6	8,0	20	23	24
*	Indic	1s	MaxAPDU	ConnectionType	APDU	Protocol	Name	pCHANNEL	BackupMonDisable	pAORGroup	Type
	1	1	23	1	2	8	"AC_#1 - 3530_ChG"	1	1	1	5
	2	1	23	1	2	8	"AL_#1 - 3530_ChG"	2	1	1	5
	3	1	23	1	2	8	"AL_#2 - 3530_ChG"	3	1	1	5
	4	1	23	1	2	8	"WH_#1 - 3530_ChG"	4	1	1	5
	5	1	23	1	2	8	"FA_#1 - 3530_ChG"	5	1	1	5
	6	1	23	1	2	8	"HL_#1 - 3530_ChG"	6	1	1	5
	7	1	23	1	2	8	"HL_#2 - 3530_ChG"	7	1	1	5
	8	1	23	1	2	8	"PH_#1 - 3530_ChG"	8	1	1	5
	9	1	23	1	2	8	"BL_#1 - 3530_ChG"	9	1	1	5
	10	1	23	1	2	8	"WS_#1 - 3530_ChG"	10	1	1	5
	11	1	23	1	2	8	"CA_#1 - 3530_ChG"	11	1	1	5
	12	1	23	1	2	8	"BR_#1 - 3530_ChG"	12	1	1	5
	13	1	23	1	2	8	"WB_#1 - 3530_ChG"	13	1	1	5
	14	1	23	1	2	8	"WA_#1 - 3530_ChG"	14	1	1	5
	15	1	23	1	2	8	"FL_#1 - 3530_ChG"	15	1	1	5
	16	1	23	1	2	8	"FL_#2 - 3530_ChG"	16	1	1	5
	17	1	23	1	2	8	"ME_#1 - 3530_ChG"	17	1	1	5
	18	1	23	1	2	8	"KH_#1 - 3530_ChG"	18	1	1	5
	19	1	23	1	2	8	"BN_#1 - 3530_ChG"	19	1	1	5
	20	1	23	1	2	8	"FW_#1 - 3530_ChG"	20	1	1	5
	21	1	23	1	2	8	"LC/TU_#1 LC- 3530_ChG"	21	1	1	5
	22	1	23	1	2	8	"LC/TU_#2 LC- 3530_ChG"	22	1	1	5
	23	1	23	1	2	8	"LC/TU_#3 TU- 3530_ChG"	23	1	1	5
	24	1	23	1	2	8	"NR_#1 - 3530_ChG"	24	1	1	5
	25	1	23	1	2	8	"RE_#1 - 3530_ChG"	25	1	1	5
	26	1	23	1	2	8	"RW_#1 - 3530_ChG"	26	1	1	5
	27	1	23	1	2	8	"WO_#1 - 3530_ChG"	27	1	1	5
	28	1	23	1	2	8	"SN_#1 - 3530_ChG"	28	1	1	5
	29	1	23	1	2	8	"DI_#1 - 3530_ChG"	29	1	1	5
	30	1	23	1	2	8	"DI_#2 - 3530_ChG"	30	1	1	5
	31	1	23	1	2	8	"BC_#1 - 3530_ChG"	31	1	1	5
	32	1	23	1	2	8	"MI_#1 - 3530_ChG"	32	1	1	5
	33	1	23	1	2	8	"MI_#2 - 3530_ChG"	33	1	1	5
	34	1	23	1	2	8	"MX_#1 - 3530_ChG"	34	1	1	5
	35	1	23	1	2	8	"GL_#1 - 3530_ChG"	35	1	1	5
	36	1	23	1	2	8	"DB_#1 - 3530_ChG"	36	1	1	5
	37	1	23	1	2	8	"DB_#2 - 3530_ChG"	37	1	1	5
	38	1	23	1	2	8	"DB_#3 - 3530_ChG"	38	1	1	5
	39	1	23	1	2	8	"OP_#1 - 3530_ChG"	39	1	1	5
	40	1	23	1	2	8	"OP_#2 - 3530_ChG"	40	1	1	5
	41	1	23	1	2	8	"RD_#1 - 3530_ChG"	41	1	1	5
	42	1	23	1	2	8	"RD_#2 - 3530_ChG"	42	1	1	5
	43	1	23	1	2	8	"WE_#1 - 3530_ChG"	43	1	1	5
	44	1	23	1	2	8	"WE_#2 - 3530_ChG"	44	1	1	5
	45	1	23	1	2	8	"BW_#1 - 3530_ChG"	45	1	1	5
	46	1	23	1	2	8	"BY_#1 - 3530_ChG"	46	1	1	5
	47	1	23	1	2	8	"BY_#2 - 3530_ChG"	47	1	1	5
	48	1	23	1	2	8	"GC_#1 - 3530_ChG"	48	1	1	5
	49	1	23	1	2	8	"FI_#1 - 3530_ChG"	49	1	1	5
	50	1	23	1	2	8	"FI_#2 - 3530_ChG"	50	1	1	5
	51	1	23	1	2	8	"FI_#3 - 3530_ChG"	51	1	1	5
	52	1	23	1	2	8	"LA_#1 - 3530_ChG"	52	1	1	5
	53	1	23	1	2	8	"SG_#1 - 3530_ChG"	53	1	1	5
	54	1	23	1	2	8	"SS_#1 - 3530_ChG"	54	1	1	5
	55	1	23	1	2	8	"SSN_#1 - 3530_ChG"	55	1	1	5
	56	1	23	1	2	8	"GT_#1 - 3530_ChG"	56	1	1	5
	57	1	23	1	2	8	"HA_#1 - 3530_ChG"	57	1	1	5
	58	1	23	1	2	8	"AB_#1 - 3530_ChG"	58	1	1	5
	59	1	23	1	2	8	"PP_#1 - 3530_ChG"	59	1	1	5
	60	1	23	1	2	8	"AS_#1 - 3530_ChG"	60	1	1	5
	61	1	23	1	2	8	"HB_#1 - 3530_ChG"	61	1	1	5
	62	1	23	1	2	8	"HW_#1 - 3530_ChG"	62	1	1	5
	63	1	23	1	2	8	"FR_#1 - 3530_ChG"	63	1	1	5
	64	1	23	1	2	8	"FR_#2 - 3530_ChG"	64	1	1	5
	65	1	23	1	2	8	"GP_#1 - 3530_ChG"	65	1	1	5
	66	1	23	1	2	8	"MN_#1 - 3530_ChG"	66	1	1	5
	67	1	23	1	2	8	"FB_#1 - 3530_ChG"	67	1	1	5
	68	1	23	1	2	8	"RV_#1 - 3530_ChG"	68	1	1	5
	69	1	23	1	2	8	"SA_#1 - 3530_ChG"	69	1	1	5
	70	1	23	1	2	8	"FM_#1 - 3530_ChG"	70	1	1	5
	71	1	23	1	2	8	"LY_#1 - 3530_ChG"	71	1	1	5
	72	1	23	1	2	8	"RS_#1 - 3530_ChG"	72	1	1	5
	73	1	23	1	2	8	"RS_#2 - 3530_ChG"	73	1	1	5
 0